UPLOAD: 1702457259.493362
DELETE: 1702457259.772197,ChainSuccession,FetchPatientData,CreateTask
